-e # 1
1 0.000237 0.000215 0.001496 0.015660 
-e # 2
2 0.000153 0.000174 0.002219 0.031305 
-e # 4
4 0.000055 0.000228 0.003438 0.062649 
-e # 8
8 0.000057 0.000163 0.007310 0.125369 
-e # 16
16 0.000054 0.000259 0.013628 0.250699 
-e # 32
32 0.000105 0.000183 0.017435 0.501434 
-e # 64
64 0.000057 0.000184 0.013564 1.000432 
-e # 128
128 0.000034 0.000108 0.000734 1.024640 
-e # 256
256 0.000021 0.000045 0.000391 1.035497 
-e # 512
512 0.000020 0.000031 0.000163 1.047298 
-e # 1024
1024 0.000013 0.000023 0.000083 1.009118 
-e # 2048
2048 0.000026 0.000019 0.000039 1.002385 
-e # 4096
4096 0.000017 0.000016 0.000025 1.695696 
-e # 8192
8192  0.000016 0.000014 0.000027 
-e # 16384
16384   0.000009 0.000013 
-e # 32768
32768    0.000008 
